Haplotype	7-mer	8-mer	11-mer	10-mer	Other HOR	Non HOR	Cluster	Population	Contig_len
CHM1	636114	728155	1158251	0	54827	30239	3	EUR	2607585
CHM13	768238	789151	487636	0	20936	41940	5	EUR	2107900
HG00096.h1	689570	1143009	1027348	0	144325	35058	2	EUR	3039309
HG00171.h2	771755	611526	773496	1706	20218	40863	5	EUR	2219563
HG00171.h1	862490	892221	581067	3412	23455	45354	5	EUR	2407998
HG002.h2	738743	839317	1165737	1693	61296	30239	3	EUR	2837024
HG002.h1	677780	798640	1120885	0	63152	30581	3	EUR	2691037
HG00268.h2	848150	813559	536207	1706	21433	40737	5	EUR	2261791
HG00268.h1	768246	816260	663277	3412	17839	40863	5	EUR	2309896
HG00358.h2	863657	824422	496985	3412	24313	41763	5	EUR	2254551
HG00358.h1	579782	961271	904111	0	135842	36852	2	EUR	2617857
HG00438.h2	526159	772813	1003116	3384	126065	38892	2	EAS	2470428
HG00438.h1	363955	484033	833187	0	56328	33299	3	EAS	1770801
HG005.h2	559459	421694	457747	3403	20072	44828	5	EAS	1507202
HG00513.h2	976973	709155	556756	10228	23139	37713	5	EAS	2313963
HG00513.h1	583316	455593	440916	5092	29080	40516	5	EAS	1554512
HG00621.h2	928101	827132	491373	3412	30283	34743	5	EAS	2315043
HG00731.h2	887530	858309	524999	1706	20916	34745	5	AMR	2328204
HG00731.h1	804021	805435	463349	3412	14960	40751	5	AMR	2131927
HG00732.h2	784961	741703	465212	1706	25010	40129	5	AMR	2058720
HG00732.h1	917330	818992	642695	0	27056	45946	5	AMR	2452018
HG00735.h1	885134	809511	468944	3412	16659	43193	5	AMR	2226852
HG00741.h2	863667	837981	603483	5118	21928	38051	5	AMR	2370227
HG00741.h1	1327890	1979590	1744817	1694	40252	51992	7	AMR	5146234
HG00864.h2	530934	806711	1027399	3384	130813	38893	2	EAS	2538133
HG00864.h1	607177	452879	472699	1706	20408	52897	5	EAS	1607765
HG01099.h1	414015	637230	842461	0	105173	37048	2	AMR	2035926
HG01106.h2	737252	675257	450280	0	28925	36035	5	AMR	1927748
HG01114.h2	905438	756618	388620	3412	29413	36554	5	AMR	2120054
HG01114.h1	713354	429851	511902	3412	18198	42582	5	AMR	1719298
HG01123.h1	445052	652100	1025512	0	149603	36553	2	AMR	2308819
HG01243.h2	755303	1005183	545435	93105	65823	48402	4	AMR	2513250
HG01243.h1	809993	885444	491341	1706	22966	38535	5	AMR	2249984
HG01352.h2	695709	827090	948985	0	43939	1872	3	AMR	2517594
HG01352.h1	879152	772891	620283	0	27055	45943	5	AMR	2345323
HG01457.h2	542892	794440	982549	1693	162157	36556	2	AMR	2520286
HG01457.h1	704992	699668	422243	1706	29090	34744	5	AMR	1892442
HG01505.h2	530961	801225	1068486	0	159603	36553	2	EUR	2596827
HG01505.h1	808802	726787	534367	1706	25689	42749	5	EUR	2140099
HG01573.h2	691980	983049	1014335	1697	140984	38032	2	AMR	2870076
HG01596.h2	490364	734853	870488	0	116565	36854	2	EAS	2249123
HG01596.h1	941213	867803	457733	6824	25013	39401	5	EAS	2337986
HG01890.h2	366360	431151	911579	0	59046	30581	3	AFR	1798716
HG01890.h1	571501	799941	851797	3385	116866	36931	2	AFR	2380420
HG01891.h2	448567	836541	1018021	3389	109712	35042	2	AFR	2451271
HG01928.h2	490360	751107	844350	0	107385	35042	2	AMR	2228243
HG01978.h2	496356	742940	1036721	0	156211	33264	2	AMR	2465491
HG02004.h1	786122	767472	534360	8493	22107	38535	5	AMR	2157088
HG02011.h2	355564	310440	422067	76185	50424	27371	8	AFR	1242050
HG02011.h1	1001175	1130826	1006960	1693	46150	31949	3	AFR	3218752
HG02018.h2	529709	775544	661262	0	97220	38695	2	EAS	2102429
HG02018.h1	1041392	1111882	560492	3412	32450	41846	5	EAS	2791473
HG02055.h1	338845	527391	846233	1693	90549	34591	2	AFR	1839301
HG02059.h2	511921	600674	952763	0	83007	41325	3	EAS	2189689
HG02059.h1	752884	1018232	1169318	0	219815	35778	2	EAS	3196026
HG02071.h2	870824	730851	693165	3408	23146	47854	5	EAS	2369247
HG02106.h1	999631	989859	519384	3403	32814	48782	5	AMR	2593872
HG02109.h2	796850	770160	461473	0	31481	36207	5	AFR	2096170
HG02109.h1	586988	565075	1010517	98194	143337	31453	8	AFR	2435563
HG02282.h2	530881	913776	898514	0	122946	35059	2	AFR	2501175
HG02300.h2	479620	710460	924664	0	115522	36858	2	AMR	2267123
HG02492.h1	634707	919290	922798	6772	101463	36852	2	SAS	2621881
HG02554.h1	771958	1071466	594003	74487	63985	51365	4	AFR	2627263
HG02559.h2	544055	930092	599645	0	86996	33265	2	AFR	2194052
HG02587.h2	521411	599482	637025	1706	19521	44389	6	AFR	1823533
HG02587.h1	314982	290103	375399	52484	48060	27371	8	AFR	1108398
HG02615.h2	818539	1171795	534237	69408	70586	52584	4	AFR	2717148
HG02615.h1	656153	1003305	947072	0	112122	33250	2	AFR	2751901
HG02622.h2	781547	992940	435230	132034	79577	48590	4	AFR	2469917
HG02630.h2	289933	418919	855557	3386	77991	35133	2	AFR	1680918
HG02647.h2	287536	404004	631414	1693	72232	31455	2	AFR	1428333
HG02647.h1	548791	669852	752863	0	42949	35865	5	AFR	2050319
HG02666.h2	515577	631838	1003152	0	59235	30581	3	AFR	2240382
HG02666.h1	523865	652153	1036798	0	47530	32485	3	AFR	2292830
HG02717.h1	689670	930625	590282	106656	66703	42030	4	AFR	2425965
HG02723.h1	403254	795850	1236642	0	198404	45982	2	AFR	2680131
HG02769.h2	702702	1377482	1171191	1697	213313	38643	2	AFR	3505027
HG02769.h1	434306	501854	375553	1706	12899	44409	6	AFR	1370726
HG02809.h1	703831	718657	465211	1706	36362	33541	5	AFR	1959307
HG02886.h1	557184	781737	582831	101580	60426	42036	4	AFR	2125793
HG02953.h2	742274	851491	1062982	0	61277	33633	3	AFR	2751656
HG02953.h1	693256	931959	655653	132052	64656	42037	4	AFR	2519612
HG03009.h2	774206	793223	491378	0	23646	41935	5	SAS	2124387
HG03009.h1	1025909	931528	607204	1706	29931	41731	5	SAS	2638008
HG03065.h2	529839	595918	523008	104962	65289	33155	4	AFR	1852170
HG03248.h2	516627	607638	562327	1706	21727	48115	6	AFR	1758139
HG03248.h1	640682	859720	1281463	1694	32960	49083	7	AFR	2865601
HG03371.h2	439058	991008	963920	0	41537	35612	1	AFR	2471134
HG03371.h1	69153	1687702	1227288	1699	38882	40684	5	AFR	3065407
HG03452.h2	711149	960423	620166	133743	65171	42040	4	AFR	2532691
HG03452.h1	592953	802689	1057260	1693	155687	38834	2	AFR	2649115
HG03453.h1	831709	981793	919189	1693	53110	13761	6	AFR	2801254
HG03456.h2	680132	614067	1156219	208236	190428	34178	8	AFR	2883259
HG03486.h2	830466	1197536	541702	62636	70762	52587	4	AFR	2755688
HG03492.h2	423563	608766	778913	0	131797	37270	2	SAS	1980308
HG03516.h2	709958	923860	631377	142207	69586	39078	4	AFR	2516065
HG03520.h2	698011	941470	580946	126971	68736	42035	4	AFR	2458168
HG03520.h1	683810	780980	788320	0	61432	30581	3	AFR	2345122
HG03579.h2	753872	874563	665160	0	29964	40864	5	AFR	2364422
HG03579.h1	391337	919155	898507	0	33582	33812	1	AFR	2276392
HG03683.h2	944825	1007454	517527	6824	32695	42678	5	SAS	2552002
HG03683.h1	615782	732187	984460	1693	60091	36303	3	SAS	2430515
HG03732.h2	779085	1111800	1049803	1691	168962	36851	2	SAS	3148191
HG03732.h1	517776	862321	881714	0	103624	35047	2	SAS	2400481
HG03807.h2	520294	612882	1165706	0	53288	37336	3	SAS	2389505
HG03927.h2	571509	828410	902219	0	145052	33267	2	SAS	2480456
HG04036.h2	829083	835258	405429	3412	18887	36097	5	SAS	2128165
HG04217.h2	564333	817582	973236	3395	161515	36855	2	SAS	2556915
HG04228.h2	703816	417617	500719	10236	26390	44490	5	SAS	1703267
HG04228.h1	300681	454175	861145	0	95173	36853	2	SAS	1748026
NA12329.h2	786094	771524	524976	1706	25490	40865	5	EUR	2150654
NA12329.h1	655013	1069744	988177	0	134001	36853	2	EUR	2883787
NA18534.h2	584494	489498	411036	1706	22811	46988	5	EAS	1556532
NA18906.h1	374639	553155	820095	1693	89202	33269	2	AFR	1872052
NA18939.h2	820722	865067	513811	0	26028	39996	5	EAS	2265623
NA18939.h1	1023542	1041366	627753	1706	27212	47945	5	EAS	2769523
NA18989.h2	372248	592471	990072	0	95851	38662	2	EAS	2089303
NA18989.h1	367479	558586	934017	0	87020	36852	2	EAS	1983953
NA19036.h2	336449	437651	551109	142211	66680	31452	8	AFR	1565551
NA19036.h1	646650	1104954	948995	1697	140399	36872	2	AFR	2879566
NA19129.h2	424734	778204	786465	0	111589	36853	2	AFR	2137844
NA19129.h1	544065	980298	889227	0	118219	36853	2	AFR	2568661
NA19238.h2	496319	893483	610850	0	93438	33264	2	AFR	2127353
NA19238.h1	707569	953679	622034	135435	68226	43228	4	AFR	2530170
NA19239.h2	649044	958592	861148	3390	96008	36872	2	AFR	2605053
NA19239.h1	415202	658904	820062	1693	80032	33271	2	AFR	2009163
NA19317.h2	974892	1331223	627599	132047	57846	42035	4	AFR	3165641
NA19317.h1	744452	1233792	1453316	3394	185521	40444	2	AFR	3660918
NA19331.h2	344806	545008	784579	1693	82580	33265	2	AFR	1791930
NA19331.h1	377036	566709	870501	1693	93257	33268	2	AFR	1942463
NA19347.h2	431957	485398	881682	0	45318	30587	3	AFR	1874941
NA19384.h1	411634	486740	1236631	0	30229	50612	7	AFR	2215845
NA19650.h2	1041388	965442	597884	3412	36257	57589	5	AMR	2701971
NA19650.h1	870798	787820	450269	1706	27738	34742	5	AMR	2173072
NA19705.h2	755277	1063362	575329	74487	65853	51367	4	AFR	2585674
NA19705.h1	317373	481290	863047	1693	89534	33265	2	AFR	1786201
NA19836.h2	628654	368825	515641	3412	27546	40251	5	AFR	1584328
NA19836.h1	793411	1374733	1217917	0	130099	37575	2	AFR	3553734
NA19983.h2	544031	1211986	967591	0	41523	36953	1	AFR	2802083
NA19983.h1	589467	677941	696812	1699	48883	30584	3	AFR	2045385
NA20355.h2	566735	678187	575404	1706	19521	48099	6	AFR	1889651
NA20509.h2	800450	813565	663277	5118	35870	38338	5	EUR	2356617
NA20509.h1	214765	311824	853682	0	86018	38690	2	EUR	1504978
NA20847.h2	504691	751092	891047	0	106699	38652	2	SAS	2292180
NA20847.h1	521444	577635	700606	0	43258	30584	3	SAS	1873526
NA21487.h2	495165	601818	373593	89725	65343	37736	8	AFR	1663379
